8249
7929
2222
1859
8015
9382
8997
5569
6919
6642
9338
9856
6636
3132
3398
3485
1093
8251
9092
4718
8866
3814
1144
0931
3750
7763
8472
1350
7724
6584
2859
1485
6290
1866
1397
1540
0806
4598
4260
6316
9672
5128
9860
7181
5658
7341
9953
1403
5983
3558
0246
2826
8907
7578
4990
4230
0232
3807
5233
1962
0469
8028
6063
3435
5421
2484
8140
4045
5874
7927
9350
6275
0434
3346
1662
3467
0644
5703
8602
3299
1575
4429
5263
6606
3109
5555
7827
4398
4414
5714
9112
4188
0827
8450
3171
1740
5877
8468
2422
8108
5304
6022
0963
0051
4255
5237
0014
8930
1512
6156
2602
2738
7065
9596
6777
9510
3914
5408
4043
7260
1348
9567
6630
4962
0469
0047
9510
3366
0524
7682
9165
2911
2393
3440
7675
5328
5731
5306
4518
6727
2825
9452
1360
3653
5742
9202
8677
4839
4933
2994
2998
6235
7335
5748
1513
4408
1603
4275
6743
5575
6801
2521
3485
9412
1972
8790
0321
3969
4452
8161
4668
9533
8286
6347
4316
3039
3970
7465
0134
3100
3136
7629
1707
0532
5181
5911
7965
7817
0320
3283
2789
2415
7056
9730
2769
9675
1781
0291
5264
3597
7812
5675
7034
1029
8952
5563
4048
4431
0344
8056
6957
2063
2824
8290
3870
8304
5006
1753
1879
0657
8923
4259
1610
6874
4125
6739
1753
2745
6439
2280
9294
8514
2675
5014
1947
1887
0129
1952
2749
4576
2677
5709
3749
6353
4470
5534
6317
9357
7712
6178
0039
6702
7033
5398
5569
5531
3136
5557
8939
0643
1605
6377
0328
3282
3269
2220
1380
6181
4651
3077
1902
3763
7178
2488
6520
7740
5177
2828
0754
9824
9152
7917
5609
5484
5078
6284
4716
4440
2266
1004
1670
6337
5365
0842
9345
5673
6677
3555
2044
2433
2772
1676
9942
3948
6497
8693
6717
5696
8398
9419
8673
0267
3042
7315
1178
5403
3805
8860
8096
8156
5844
7241
6329
8184
9093
5239
1294
9183
3288
0899
8795
1866
0406
6603
6415
7489
0598
9462
0734
9685
3966
4780
4508
0598
3636
6532
9475
7213
9107
9251
1833
2660
4124
0706
5179
0878
7986
1578
9786
6278
1390
7922
8716
0842
2204
4293
4723
8604
5458
5189
8204
1290
8709
5750
8789
2292
1065
9724
7891
8480
8889
2363
0168
4137
3196
0733
6238
8380
0240
7542
1992
0521
6377
3605
5515
0476
4607
6162
2172
1561
2045
9410
9851
4050
3426
7787
5054
1801
4601
2657
6052
1667
8939
1985
7882
7205
0190
6771
7403
9693
7353
7610
0722
5355
0950
4761
3165
2500
5052
1635
5237
8455
2121
9938
5366
2554
4159
4895
4927
1629
7143
2025
9857
9044
4199
8963
8716
1845
1150
3875
4252
5435
7378
2439
5884
8429
8660
2620
4660
1344
0992
9492
3548
6531
4232
1000
7471
1853
7143
0501
6089
8906
5199
6701
7054
3256
7052
4336
3529
4178
7221
7551
5825
7306
0669
2087
7681
7505
6101
3468
2866
8856
8127
4709
2297
4305
7605
4221
7840
5732
3353
8069
4136
6987
5039
8553
2553
0612
4847
9698
4367
3600
0689
2935
1933
4009
6999
3905
2338
6429
6050
9419
6901
3092
7382
5878
1207
0565
0647
5943
6047
3996
8186
2665
0194
4742
7883
0364
9057
0453
6438
6358
9319
2886
4774
0840
7847
1032
1269
3812
9816
8457
7302
7707
2716
6815
7360
7183
7316
0910
8636
8625
0643
0942
6927
6808
0699
7336
4627
9211
5859
5791
0077
2447
2608
0973
9648
1024
6926
8560
7997
1198
1185
6836
4077
1306
9707
4754
3410
9400
7385
4044
7786
6962
8139
4237
5044
5626
9357
8707
6561
1463
7727
7598
7040
8978
7193
5670
6422
8335
9700
0382
4686
1635
2473
2584
6736
5335
6208
9624
4816
7946
7161
6744
4792
5575
4299
7016
7900
0312
8096
8084
3877
6747
3161
1350
1257
5627
9439
3000
4380
7401
0124
0451
3474
3449
3510
5008
7387
2189
8563
4615
8680
6978
5278
2430
1656
5173
1224
6495
6845
9812
7857
4211
3219
1428
5648
4330
4018
2856
0004
2319
3261
1808
9044
3930
8869
0353
3251
7279
9288
5360
2821
1061
7849
8842
3121
7439
9114
7566
1068
9897
7292
2428
2391
1781
5084
5852
0236
9455
2116
6675
7008
7946
9597
3267
0286
0612
6533
2834
0123
9103
2109
7338
1478
1169
9922
5241
5381
6016
0602
5041
1815
2200
6346
7162
7616
8327
2094
5054
6100
1911
7547
8575
9127
7260
6046
6206
7328
4642
6773
2890
5180
9850
4633
8657
2439
7768
1223
5087
1408
7934
6077
5543
2294
4215
4356
6562
0906
6613
1902
4975
0343
8030
6306
2254
3302
9665
6087
1367
5584
9516
5813
7194
1454
4945
0273
2021
2706
7069
6915
6433
6752
6410
0049
3961
5587
5962
4555
3783
4005
1672
7226
0030
0347
2360
3733
6095
0602
2322
5699
4809
3504
2549
5180
4985
6021
1723
4805
0321
2583
3307
0000
3922
4963
5706
9416
5875
2283
1974
9459
7911
3427
6994
4521
1216
2523
6899
9466
8324
2176
4515
7965
8169
2917
0440
8280
9293
8172
0322
5133
2618
4698
8799
8922
4517
0897
5537
8331
7860
0511
5428
7138
7740
3763
3205
8886
9783
7804
5852
1293
1287
0623
6509
1009
4586
5699
5389
7519
2209
6969
4396
3339
3964
2780
4677
4817
3370
5567
8505
6515
3299
0175
5293
0770
4358
1307
2271
2992
4362
9786
1077
0872
5990
0361
5872
5330
9386
2858
0125
2471
8172
9387
4918
3290
3741
6225
8436
5584
8936
6294
9789
0682
8176
1635
1668
7200
9369
4385
4102
5140
9090
4037
2973
2495
0752
0034
1534
5949
4782
0699
9909
7251
5568
0647
7287
5677
3695
9124
1114
0572
1490
8289
4391
7953
5503
0564
6502
2703
1491
3873
0695
5321
9164
1916
3265
3937
8038
9932
3415
1771
6328
8027
6437
4326
7677
3092
1596
8113
2399
0936
8987
5356
9516
3953
2971
0865
2628
3985
9482
7267
4243
9530
6401
7737
0858
6708
9670
5429
5051
2956
1298
6373
4759
5967
1069
2110
9793
2760
3215
8833
9325
1920
1076
3129
5054
2051
5606
3596
3108
1228
5254
6517
2470
8613
6179
6124
6121
4406
2578
2680
9014
9865
6624
0039
8597
5813
8524
8517
8212
6942
6512
1357
8038
7095
0960
7459
9539
9407
8203
3838
4387
1067
1761
9102
1306
4352
6538
9152
6317
2218
9527
4704
7802
2999
8049
5482
6354
9969
6333
0250
0775
1761
8786
0599
4569
9733
7105
6874
8285
4996
5597
6923
5261
8811
7744
6547
3756
7829
7707
6663
8663
9314
4409
9646
5763
9696
4977
7550
0285
6377
0092
4637
1737
7807
3134
2447
9731
5587
7657
0251
8015
7696
4965
7863
0730
5101
6105
3894
9502
7655
1286
4028
0837
5096
6976
5060
8737
4787
2627
3424
6501
0086
2218
3856
8133
1090
9580
4876
4615
9930
2982
6542
2337
8661
8171
2790
2387
0511
3648
1236
4975
5985
9082
6071
1850
1764
9209
6476
9417
1525
6900
7060
0289
3969
5628
2107
3834
8946
0703
2644
2837
0276
2439
6074
2699
5441
1033
0230
0814
0586
4640
5788
6158
5838
0454
3562
1225
5667
6444
7305
1763
9231
7814
5632
8148
0595
7322
5892
4848
4223
1512
8932
4773
4640
1933
3953
7332
2325
0144
5968
4672
3557
3851
1069
2335
1987
9881
4014
9176
0358
8605
2633
8698
8612
9245
3692
6216
9463
2362
8203
2048
3137
3233
5400
5589
4427
7751
3655
0939
3672
6223
5591
5318
8757
7387
8674
2206
1331
5155
1641
0766
7996
9517
3576
7601
0867
5633
9266
0485
2929
7557
4940
1328
9310
3052
0685
4436
6259
0335
1863
6498
6576
9995
8165
2423
9222
8195
5341
0114
7670
2395
8644
5496
5864
5690
7044
9814
7353
9943
1644
4744
0227
7062
0096
6967
1577
6691
5391
8456
7379
9374
0676
5681
8886
4322
3425
7022
2923
1858
1975
0152
1766
0961
9022
2703
5391
3779
8603
4614
5268
2898
5848
7001
8188
5553
8717
4322
7370
0785
2966
4182
1254
3109
5969
7603
4583
3027
1275
0053
6542
9098
4755
7151
1797
1113
9124
6884
8964
8390
9895
2209
8619
6634
4936
5954
1626
7161
0800
2548
0509
9995
1582
4733
6760
7754
8674
9208
7651
2147
1103
0877
4913
3745
3372
3373
4790
6846
8955
4036
7821
7719
7504
3441
5155
0719
8943
2950
0692
2692
0661
9104
0578
3431
8620
6411
6505
8712
3352
9058
6808
6198
7130
5344
5375
8964
5270
2720
1563
9685
8753
8208
7156
3513
6846
4745
9703
4228
0685
8012
1710
6404
5282
5953
8193
7185
5151
3151
4862
1770
2244
8630
5312
7214
0313
4052
5717
6092
4963
6528
7989
9712
9255
7860
2136
3765
9288
2607
1242
9157
2697
4293
6956
9400
4655
8492
6138
1968
0877
9466
5793
5931
4925
3066
3213
5992
7598
5084
5259
7706
9177
1600
8340
0702
7791
2694
5986
4581
5699
9828
5152
6198
9258
8722
1853
8417
5998
7345
3356
8040
5435
3176
0870
1132
2334
6519
8237
9858
4649
1037
2792
9284
4761
2410
6336
3151
8752
1233
4734
4352
9162
4378
3271
6024
9018
1457
4700
3356
4550
2983
3480
5020
7851
9701
1011
2170
2980
8173
7517
5002
5139
2185
9840
5364
3648
1903
5265
3349
0812
3173
4087
7304
2968
8161
0106
4116
0527
2189
2130
1232
7258
8853
5689
2069
9126
1766
6473
2824
9756
9785
3583
1637
3000
3309
0910
4394
1113
5599
5331
2228
8782
2825
9545
7962
1024
6356
6999
2871
0249
2090
0739
1913
0911
4651
7921
1724
5878
6453
5423
1822
1296
2110
4125
7191
2197
5620
8760
1839
5926
6151
4270
3030
7141
9680
6916
9390
0688
2267
3245
6157
6624
4065
6060
3336
0152
3904
5113
1000
5135
6452
1552
3405
1605
4612
7335
1010
5160
7870
8341
5513
9693
6439
6482
6797
9753
0621
9756
3066
0677
3567
2068
5686
4378
5499
9149
0978
6980
4553
2773
7593
2290
5665
9534
0284
6157
5250
2344
1589
0259
6359
5990
3949
2775
2351
1920
2850
1695
3447
4208
5688
6348
9800
2549
3365
3503
0489
8452
4754
0854
9454
7689
5869
5192
6003
8857
2758
0136
0908
1075
2931
9961
6814
7813
4906
0689
4398
0259
2153
9632
8930
9390
2040
6347
7217
9385
5619
9324
1196
7498
0347
1579
4813
4010
7149
6234
2420
9106
6665
7121
0223
3859
5849
1593
0744
8070
5305
9602
9204
1223
4550
6600
7613
6592
6016
4935
0613
4173
8497
9483
0789
2568
2775
6423
0297
6584
7139
9379
5701
5349
0074
4803
8557
4869
8117
8942
1203
1073
5020
0211
1274
8652
5849
1547
8520
7057
0942
8835
8451
8478
5863
4992
4421
8847
4855
0839
4619
8445
7611
0437
1489
0027
8560
3179
3803
7496
4188
5209
9384
7652
2664
5587
8423
9428
4837
1587
3932
7375
2874
0220
4141
0181
0029
7960
2384
1297
1243
2764
4136
0886
9074
4237
7574
5630
5266
0344
6002
1863
3081
3969
7181
5659
0853
8849
1319
9879
3297
4481
0750
3939
1685
5381
3475
3056
9605
3983
6915
8529
3894
9593
1716
0010
3668
5614
8587
2090
4543
4116
3034
3071
0181
7997
1360
7303
5183
8077
4027
0627
5508
5917
9315
1483
6129
3560
1142
3326
2162
9866
9696
7763
3984
8843
1615
1253
9555
1761
4469
6508
9595
6601
6960
7740
6483
8338
9209
3408
6757
2159
2591
3926
1032
6229
4042
1135
6228
9172
1132
1999
9557
3722
2622
2418
6820
2840
6656
6128
5312
2078
1032
2029
7364
8039
5915
8449
3158
3138
3571
0649
8999
1833
9506
3086
8741
8597
4785
2849
7565
9517
7387
2504
5273
1655
8578
7230
6595
4086
8207
3083
2949
4517
8043
9251
7711
6382
3874
3365
4400
4232
4798
1928
0352
9976
6583
1290
7641
7018
5482
8605
2936
4222
4052
1719
2703
7965
6998
4887
8570
3900
6240
7173
4810
2946
5084
8465
3242
9320
1348
5520
9277
0309
8466
9810
3018
5703
2007
1078
6157
6279
4245
9688
3343
4778
3825
6491
5571
1435
2626
9883
2611
8201
3786
6299
4015
6759
3789
3705
3966
8529
6505
5361
9114
9098
4269
6602
5081
3638
6473
9994
2607
2536
6351
5988
3458
1712
0666
5111
9326
6598
6003
5172
0195
5941
2909
8085
6842
7615
2895
1817
7891
6054
2675
1871
6031
6224
7461
0874
7190
3770
0823
3441
7318
7522
9542
2075
3717
5230
7017
0951
8739
9783
8961
1226
3659
7808
8553
5684
7801
8234
7056
7930
7762
1124
7326
1793
3758
1764
1680
8816
9873
4432
9897
0428
7974
4313
7259
2968
1977
7970
1027
4883
5848
4356
2701
9930
2749
6266
0002
4103
6727
0561
1525
7412
6744
6043
9039
6450
0067
5139
2603
7905
8505
5785
1578
4853
7325
7788
2976
0360
7023
9325
8224
4658
2793
2460
4016
6927
1642
0120
1074
9409
4582
4144
9936
2146
4169
2151
1503
5944
1844
5900
2502
8506
4374
7693
6789
7880
0688
0823
9740
9907
2025
2344
6158
4382
4139
8257
5772
0631
0308
6541
8120
2566
7539
5006
1885
1884
0602
1606
1475
3114
5407
8052
4837
4633
4573
6252
9342
3217
2444
4614
2654
7181
8044
4879
5729
8976
7637
5022
5378
5490
8123
9393
2405
4016
3577
8641
2139
7522
7053
5074
2662
3413
2636
6973
4640
6495
3136
6283
3062
8876
8827
9167
8945
0126
7480
7836
3835
0392
2545
0555
5636
6509
1840
3984
4475
0011
7485
5384
3563
5031
8571
6615
2163
7623
6028
8503
0728
8973
1952
3949
8994
4769
7246
2080
7535
5793
4373
9169
0820
1530
5882
5724
4962
6860
6904
0808
0258
8717
6505
8992
8680
6126
1793
5251
8214
8197
3702
1161
6429
9611
1832
9235
9618
3748
8175
3935
3682
2555
3141
3895
4116
6552
0352
1581
9138
0362
9395
9160
0547
8127
5674
8785
6629
4067
4199
4352
3873
9134
6161
0752
6674
0067
8117
0845
3708
1387
2048
4253
4096
5169
3051
0724
9299
3422
4340
1553
2006
4070
3476
3923
9518
6861
9115
8818
5839
2955
0369
1611
4015
8196
7019
7802
5237
8654
5485
5200
3169
2643
7760
2823
4634
0819
7883
7854
4076
3324
1312
5050
2726
1503
4322
7332
8163
6142
1271
1995
5860
8931
1401
6786
9438
6150
9201
3626
8294
5482
1244
7591
1758
3064
5087
4321
3884
3522
7025
3007
6512
3141
3746
4909
3003
2080
3014
9279
1804
0108
5393
3802
4254
2942
6612
9580
2584
4244
4521
9670
5156
9408
2895
3934
9726
4891
1315
3633
3197
7923
3293
2708
3965
7474
8930
0012
9430
3080
0546
3897
7832
3389
9274
8438
9773
7470
0768
5477
3408
2065
3569
1422
7692
6872
5794
9699
3826
7219
0593
4825
1236
8508
3095
0605
9049
6037
8724
1451
1588
6039
1462
2999
8018
6649
4406
3583
9698
5302
7936
3230
6700
7845
9604
5054
0851
4769
4999
6556
4615
0686
2861
4756
0580
8190
9719
0927
9925
6340
6357
5020
9334
0810
9568
6534
8323
6714
2768
1744
9229
9320
0684
8332
4959
0464
2177
3338
2371
8786
4739
6976
0073
7750
6163
5385
7414
8454
4874
2713
7529
6708
9520
9731
5898
4620
4627
8121
8288
0608
1255
4486
3472
2029
7072
0699
9122
5946
0729
6934
0992
8792
8554
8132
5458
3960
6499
3227
7872
6593
7215
2391
0585
3172
4323
5667
8761
5018
8833
4627
9007
6857
4237
8445
9819
8048
3511
9235
3953
1830
4953
1218
4888
9208
7655
7475
7330
4753
0211
4353
0694
8285
3764
2130
0881
1541
5350
6419
3710
6754
7252
5961
3226
5327
0076
2992
9499
5028
2937
8809
2808
8068
3598
7289
3332
9398
2126
9434
6501
7714
4075
1803
6526
2766
0765
3844
7370
8005
0155
9845
7896
7500
9899
7999
9602
2898
2173
6968
9556
6882
2661
7215
7395
5235
6935
4285
9167
9113
5401
9965
0342
8806
0017
0744
6668
6103
8577
8348
6073
9271
0140
4286
6326
7955
5376
3098
5503
4831
8708
1149
0179
6700
7544
1295
3001
7029
2329
2983
1588
2325
5381
4901
5111
4458
9315
7995
7986
7000
3343
6356
0737
9588
2966
5085
0656
1676
4984
2786
1201
9562
7089
1488
0361
9401
8695
9095
3522
6693
3992
4420
4098
8408
0132
7092
6149
2700
7329
9675
8693
0003
3645
1100
3795
0618
0547
9104
1426
2030
2303
8310
3530
6354
0623
8519
9431
1246
9854
4228
3542
0701
5097
7606
3161
0124
2356
7007
2688
2259
7045
4947
1776
6423
2099
3365
4128
8395
1560
8963
6354
4014
8532
8399
7691
0201
4648
0115
0283
6524
1459
3950
7978
1496
2678
5665
0163
8312
1302
4458
3930
2050
1464
5067
8421
0422
6483
8586
7961
5088
2776
6696
4495
1844
1392
1094
1183
1591
1935
0083
3819
3623
9998
8603
5055
8086
0432
0519
8225
0733
3398
7807
4696
6822
2673
5138
1723
7580
9308
7103
9115
0247
4767
7142
4829
2676
7748
0262
5857
6866
4357
1621
0178
0369
0296
7204
2172
4808
8244
5623
1890
3037
8672
3908
0590
1225
7980
2795
4925
6705
8691
6111
0458
5332
9156
2234
6486
9272
9781
8215
5861
4418
0347
1887
3988
1104
2734
0329
3913
6746
7138
9022
7131
9648
3120
0054
0005
3602
9584
0976
7472
6384
5161
9285
1387
1916
8617
5354
1267
0026
8562
5003
8281
7329
6805
3640
5736
7049
0761
5610
8647
1174
6467
1379
3382
6145
0725
7369
6205
4569
8132
0879
9562
0704
9588
6764
2002
4525
2715
9384
1756
4454
3350
1531
0585
2691
1291
2487
6907
4300
1842
8722
3429
0585
3971
8569
1683
7502
8436
7257
2426
2952
1055
6119
9350
9467
9221
2100
9876
5524
1145
3261
5306
1599
5346
3884
6912
1239
4893
6726
5992
9517
2276
5148
0431
2618
1045
4793
2095
9623
5311
3858
6613
1845
9269
0940
7657
9902
2100
7205
9621
8418
0257
9363
0125
5611
7351
7904
5624
2729
7414
5473
0150
5403
3495
1280
7737
6753
0113
9167
4974
4010
1795
6422
0650
4912
7500
0877
5463
4136
3931
0642
7302
7388
5436
0024
3286
0794
4556
7517
1595
1236
4661
4822
6618
4515
2914
3786
2260
0301
4091
9422
7119
3116
5542
9145
0993
5814
9875
1359
4632
5489
4533
7157
5337
9679
9011
2665
7189
7600
0457
0461
1844
8470
4684
5300
6770
8362
8235
9194
9950
5198
5555
3439
4033
8014
7528
4491
6333
6973
6724
9711
8716
8395
8039
9197
5417
0105
5481
9813
3449
7298
8406
3764
6875
4228
7334
2904
9628
2658
1870
5130
0134
6300
3447
7272
3579
6257
6341
9092
9860
0795
6770
1214
5655
6061
7777
2534
7173
4593
1344
9279
7346
9001
9036
0793
4484
6448
3058
6432
2750
9945
0578
1136
9602
6520
5825
0727
1360
2177
9579
0770
0519
2010
5754
6955
5213
9786
4542
8099
5959
7761
0864
7222
5059
4801
1956
8896
8800
1089
5378
7510
8264
4682
5304
9251
2396
7717
9291
9435
2215
3062
9926
0688
4933
1628
0215
9819
1099
3342
4736
4600
3961
0053
5390
2056
9780
1220
7368
1202
1139
3545
4676
4765
8022
0194
7423
0869
4903
1418
8378
6415
9598
1616
7328
2839
9451
5335
3197
9671
9092
3217
3510
2237
8646
1519
6915
0140
4962
6765
8771
8551
7298
7177
3705
6253
6010
9471
6647
0578
4466
2603
4970
1640
8741
0200
2780
6032
0342
4244
6139
7200
7096
2952
7297
3060
5487
5944
7439
7810
7119
2106
5691
4040
6876
5536
9006
5991
6283
5717
6526
7590
1181
2342
0277
6980
2316
5362
3211
6363
1675
0576
8563
5902
8635
6708
8664
3154
3108
3615
0665
0266
8400
4644
5142
4505
9457
0358
4276
3404
5646
7040
9470
2460
2864
3641
1109
9810
9405
7501
3429
7534
1436
5815
6728
5235
8053
1029
1520
6950
4101
4850
8378
7017
4071
7163
5105
1366
6508
6959
9377
8567
5910
2632
3589
4222
0275
6830
3889
5525
0873
8861
9421
8445
5562
0875
7852
2672
7936
6890
9921
2472
2835
2213
0564
8694
5373
4765
6549
0990
9168
8300
0196
3886
5178
9265
1946
9019
9008
6107
0055
4509
9084
5996
4651
3312
6340
4709
4325
5846
7052
4267
4832
0668
2985
9827
3565
9768
3195
4590
2156
8394
0365
3280
2386
1260
4681
1269
6571
7490
7178
1961
3778
0429
4971
9666
4437
8466
0164
3653
3679
8198
1016
7149
7540
5972
5905
8775
9268
4333
5117
6969
3351
7002
5761
0121
3367
8997
9487
6231
4152
2041
5592
1811
6009
5227
0360
6839
4353
3036
9447
9697
1618
8845
4144
5511
2351
4221
4349
7865
7518
6301
9999
0176
6764
1621
5625
5853
6461
4445
0004
9870
3434
4525
5176
2165
7099
4583
8626
3021
4931
8890
3912
1622
7816
1008
7362
6458
0693
0417
9427
4655
4980
4984
1400
2768
6453
7070
3293
3271
5236
4395
7215
2034
5887
8193
7279
2097
2762
2960
9766
0861
2880
7623
2986
3832
5773
9561
0156
6952
7192
9847
9784
0588
4592
9806
7149
7164
6113
4987
3272
1281
6537
2823
3817
1258
0645
3273
3915
6689
2925
7983
0892
7600
7519
2988
8760
5520
7372
9481
8800
2087
8954
9386
7276
1101
1249
3396
1895
9494
7776
0326
1546
5312
0965
5472
7950
0563
1041
8063
2863
7957
6612
6967
3623
8940
2845
4138
5358
8736
7110
1205
4684
2971
4818
9619
2456
4650
4700
5174
0084
4453
7125
9301
2100
3066
4917
7665
6790
2561
1284
5447
8546
8100
4238
7806
8419
6934
6311
2894
3911
8768
0233
4052
2568
1861
8485
6151
6806
8688
6952
3123
7861
3070
7395
7758
8571
8811
0956
1705
2276
4958
9732
1005
8230
4349
4825
7574
9406
5536
8831
3383
2924
5504
8462
6765
2794
5121
4500
2739
7154
3942
5523
3643
0007
4956
6659
6391
9702
6365
1598
3592
6761
4250
1891
7063
7996
1728
0548
2664
2048
7600
5708
7005
5928
9000
3895
3480
6925
9807
0219
1600
9542
9386
1212
1669
4884
9587
8632
2079
4716
1679
3063
6611
3229
7441
9531
2325
3457
9788
3095
6709
4421
0591
0304
0379
0739
5553
5797
0859
9739
0755
3193
8436
4545
7309
9740
9277
3625
1460
2321
9064
2326
2612
0297
5326
9647
3708
3998
9330
9362
2461
9248
0646
8250
9082
7667
4379
4703
9856
9640
2878
1873
7221
5835
8150
7107
5476
7790
3097
0718
3920
0486
5161
5366
7914
0660
1341
7068
9112
1492
6571
2452
0149
2655
0207
3889
7832
8713
2831
2985
0950
0086
3105
5542
0124
8704
4279
5389
2305
6271
3463
5269
3945
4477
5090
5602
6108
4159
4171
2208
8794
0896
7309
6020
7592
1354
7708
8154
4422
1893
7080
7098
9777
5096
1542
4805
9491
3987
5239
6480
8619
4380
8288
1791
2463
4762
2793
0360
9508
0401
3685
9884
5669
6211
6259
6384
2092
2450
7242
7492
4973
1055
4136
7534
1166
9448
4506
3841
0262
6937
9639
1724
9307
9103
2129
5338
1953
9579
2396
4397
8317
5181
3035
2649
0486
0465
8324
3632
2842
7306
0278
9166
1841
8786
0062
3368
6285
0937
9356
6056
5879
7469
6491
1953
4338
6444
1847
0087
3151
1292
8804
4781
6831
4934
9337
2689
2176
0335
9769
1853
5848
8116
3799
1546
7699
6042
9544
6773
2819
3916
7452
4284
7438
2603
4136
9250
8059
4965
8049
0933
6248
4488
2361
5508
8301
8637
9658
0734
0776
1495
5006
9434
1121
0059
5921
2381
1130
7287
3053
0779
1926
8188
1505
4872
6281
4463
3445
6435
2133
5941
1656
6979
0416
4115
3489
2005
8027
3836
9616
9966
3906
7832
9753
9727
0719
0612
1061
9160
2274
1881
8669
1942
5310
5185
0315
7334
5246
8842
5563
3856
3968
9877
9905
3743
4766
1295
3278
9990
7263
0333
5079
6150
5811
1760
2041
1240
7169
3935
1067
6199
9101
3076
7323
7531
1821
2060
1351
5594
1056
4374
2703
8823
9479
5303
6111
1171
0360
9495
8476
7276
3225
8311
4982
1712
4856
1939
9801
0198
6031
5788
4509
1777
0748
6440
2319
0985
4550
2178
1971
9583
1995
1601
6423
1925
7925
1063
4155
4861
9255
9273
0318
5011
4419
3235
9515
7917
1175
8325
2750
4046
3821
1090
8666
1086
6301
2686
5698
9624
0585
6727
2601
0684
0982
1023
5576
6100
4975
5046
0084
0130
7064
2551
1069
7006
2051
0789
8832
7521
8179
5209
4802
9432
7006
2322
9723
9771
7751
3454
4382
3859
7562
1346
2703
0684
4409
7113
3596
6927
2862
0026
2460
3734
5017
0899
4086
3573
9436
5888
6824
8657
8145
7630
7978
1129
9967
9210
5723
7542
2462
8600
8547
5268
8678
0693
3068
4944
4392
3014
5628
5606
9797
1538
4106
3759
6414
7885
6952
5369
3099
8338
7237
4826
5799
3421
7600
6780
5675
5730
0879
2189
5123
8316
6306
7043
1160
3794
1621
1027
5605
3975
5682
6426
6155
2646
6959
3872
4219
0617
6824
4351
3588
2779
1738
1663
1379
3559
0691
8446
2739
7234
9912
9122
8953
1392
3635
3944
4394
1140
3737
0554
7860
9713
1275
9322
9731
4099
5514
7179
0316
1346
0083
6748
8760
6947
1345
3756
7211
7354
0983
1128
9567
7841
8131
2304
7570
1115
2606
4751
0827
9957
9107
9939
6788
9924
7089
7844
1285
2636
3663
1963
3285
0514
8423
5269
0650
4205
6724
8156
1463
3505
9223
3959
3776
2046
9326
0450
8071
0800
6012
0816
9745
4501
8407
9232
8315
5008
8191
3729
3904
6700
5775
7846
5239
0688
4048
9785
6636
3551
1707
4585
0599
7412
4436
0475
4518
3388
8119
7766
6388
6442
0106
7084
4151
1804
4316
1392
2638
9372
7471
9558
5998
9617
8469
3581
2573
4477
1452
3426
6882
0736
7344
1156
9097
5885
4740
9465
9636
4662
0388
3565
6882
8086
6480
1280
1001
3399
2001
6023
0371
9772
9810
0709
5804
6171
3452
0859
5308
1047
1294
0810
7437
7068
1688
1003
6553
2770
9639
5873
6525
9095
9959
4654
1300
8476
9289
4842
4688
1377
3627
5890
3839
2563
6451
1631
5462
3427
2944
3841
0531
4024
8227
7485
3934
1475
3325
3398
5612
0177
5906
5418
9011
3977
2970
8004
7523
4901
6142
4328
8616
9048
8147
0335
3174
3101
3995
5793
4210
5327
4388
8311
8151
1622
8503
9094
5491
8625
6186
5215
8973
7257
7187
5590
1262
1389
4710
9337
2144
8566
1268
4405
2386
2098
0516
7420
8874
4964
2184
6064
7861
5203
2078
4554
1534
5833
3727
2637
4177
8649
4688
3193
5643
3247
8156
2587
5019
8624
0203
8759
4017
6380
8310
9106
0047
1174
4870
5701
1247
9456
4930
3687
2555
5259
4556
2564
2239
4173
4898
1925
9489
9564
3042
1517
1755
9246
6287
0509
0194
5078
8477
8962
7619
1917
2124
6192
9687
1519
0449
1372
0271
3626
5352
3038
4172
5248
4481
4944
7075
2150
3231
3896
4370
8679
3118
1964
0737
2982
8305
4093
8080
9114
6467
5935
0811
5689
0706
1833
9512
6982
3271
7135
4915
2726
0966
7134
3281
4153
0780
0888
4310
1929
6341
6018
4788
7158
4450
0496
1601
8367
3121
5407
6064
7269
9726
2889
7212
4709
0054
1210
2244
4202
0842
9217
9929
4574
3257
2697
7653
9343
5567
0694
5929
8013
3132
2069
5018
3656
3846
2069
9860
0144
8019
6721
7904
6004
5754
5060
2674
3786
6467
0151
2859
6113
9536
6905
7122
7589
8577
1367
4416
8002
3809
9739
7885
6521
0055
3980
6753
9834
9855
2049
9391
6839
7860
5164
5993
8527
0492
7958
2024
9402
5466
0913
5587
5020
0322
5003
1788
1379
6744
1747
1002
3753
4381
6256
3707
1543
6466
7419
5098
7214
0355
5788
6346
0607
9808
4986
0926
2501
5468
0962
6468
4687
7972
2372
3183
0298
9257
7585
4899
9489
1289
9848
6581
2761
8797
7463
0550
5717
7003
4364
9535
9170
1961
0425
4119
0009
3715
9262
6242
4320
3115
3701
0341
3609
8777
2479
1431
1308
6024
3366
7574
9662
8684
9855
8584
2808
0424
4781
6581
3965
0828
4574
2897
1744
7977
7847
9892
1707
7479
1156
0303
0889
5545
1122
1093
5865
0016
5446
4009
3005
9666
8418
7479
8847
3530
8721
5093
9234
4599
7418
4327
2643
5057
9553
7209
8213
5248
2348
8917
1632
0334
0430
7185
0521
7714
0784
9972
5016
1482
2081
0839
3783
0559
9016
2603
6806
1936
2100
1669
3202
9907
1252
1418
6982
1825
5806
4202
2983
5279
1489
0360
3936
7011
3122
3267
8892
9058
9931
1843
4975
5262
9179
1196
0989
8180
6268
4768
8448
0512
6076
9722
3900
2500
9048
0783
9033
0910
1080
0788
4167
8459
2304
3521
3479
3023
7341
2923
9490
8493
1084
9937
1381
0389
8490
1664
6424
9275
6736
3557
5765
4759
3483
8864
7133
7973
9304
3970
5062
5255
2651
5120
2382
5231
8859
6862
8712
1432
8010
3272
1392
2128
2422
3789
8406
7306
7652
3041
4125
9483
0721
7047
1336
8335
3182
0641
0824
6295
7593
0596
4069
0579
1445
1976
0682
6882
1109
1861
1880
7847
7624
0765
6900
2506
4619
1698
2508
4681
3093
7511
1904
1323
6574
8415
3762
4159
4853
8539
5852
4783
1448
5435
5725
7884
2459
5550
3569
1740
7402
1151
3228
9357
7664
9926
3298
2820
1202
8586
8121
7298
8733
6730
1643
2912
7109
1716
5057
7473
5766
3234
4837
6470
7524
5713
2597
5390
2121
5674
2151
1931
5773
0068
5152
3487
3024
0778
2645
5722
6386
0866
2708
6449
6204
2954
6846
4142
6029
8452
5811
4140
9997
5912
6419
9208
4574
9535
6629
0482
8437
1063
4927
7267
7818
1849
4899
6107
0558
7153
0109
0671
4607
4572
8377
2669
8439
4001
8678
9712
3317
9739
8212
0161
8143
1026
9858
0284
1295
1969
2684
8776
4131
1594
5470
5954
2675
4718
7600
4187
2138
9496
2697
6999
6286
2304
6036
7555
9581
2364
5835
4722
8042
5640
3426
3716
7582
3107
8333
0741
4092
7039
6210
3790
6915
6770
2336
3294
3934
5791
3639
3625
1776
7157
0975
8364
3242
9261
3432
5644
5681
8087
6417
3202
0568
3791
9962
4699
7073
3240
2020
6657
2529
2552
0597
0963
5480
1111
6361
9556
8900
3340
5488
1537
7236
3609
3679
7027
4105
0555
2963
2427
5661
2115
5536
3035
6753
4485
4299
3586
8942
0389
6551
2874
9179
5855
4832
1054
2709
5838
7214
3779
0888
7730
7995
2526
8749
8094
5912
9899
9439
9336
5931
9729
0705
8158
7888
1710
8463
5223
1998
2489
9349
5199
1479
2561
9265
9041
4517
3449
3031
0801
5569
2286
0308
0682
8585
6429
6458
6033
1970
7828
0742
6114
7520
0164
7140
3716
8947
6864
2043
0929
7632
2881
7665
8524
0204
1265
5048
1032
0097
9557
4312
4539
3808
9517
9700
1143
5625
4479
1064
0648
5455
2137
8451
3579
3841
7595
2264
4844
0637
8040
5939
4271
7361
0430
1597
3419
7874
0436
7611
5730
4835
5659
4133
1374
8637
4905
8032
7849
7617
3754
5959
4497
3241
7689
7764
2816
6286
4611
9297
0703
9445
7546
2179
1119
2963
1270
4178
3995
9493
9681
3976
9679
9629
7207
9735
5149
7935
6468
2113
1584
7662
0453
2510
3036
7227
5578
2859
2955
3383
6067
5500
9027
5950
5191
6330
7927
8721
3459
0229
3023
6836
5696
1887
2074
9151
4077
7512
5397
0565
5258
3664
9712
1215
7622
3730
7140
0515
8382
4555
8487
6727
0411
5004
0120
5252
5986
4883
2145
4633
0705
9099
0594
4016
5204
4457
6108
4496
0873
8492
9075
3035
4550
4145
3517
9805
6401
9674
0021
7046
4020
0432
2092
0821
6209
1047
9799
5550
9807
4818
6644
6033
8946
4296
5269
1370
4035
8256
6960
2650
8720
2250
4369
8369
3921
3811
4584
5650
2784
7243
2572
3518
0557
0992
5507
9912
3530
7513
2423
6541
6260
4851
1939
1719
8831
4264
0583
2420
9405
3367
6243
9960
7760
7192
8703
4372
4052
9977
5570
8551
5541
5788
3709
9141
8278
0853
1716
3410
4984
0971
0346
4960
7439
4174
2640
9828
6957
0724
1665
6406
9449
5452
7801
1808
0315
1398
5306
2243
4252
7718
7897
5395
0797
6568
3528
4296
8125
7551
6708
8679
8820
6775
7334
9387
1491
0989
6959
5694
3979
2084
9403
8896
4786
1039
2287
2315
5614
3901
8593
6588
3938
9125
1985
7821
9091
6877
6209
6754
9257
8189
2297
2999
7162
4014
5047
8119
5599
6806
7855
5877
6947
0603
2650
5451
6058
4910
0653
7447
5890
3335
7501
1175
4944
2194
0856
9975
7959
4248
6378
0249
3439
9202
4698
2592
4043
3145
9060
4696
9955
5884
5452
2480
2978
2828
2731
7533
9432
3502
2174
3778
2388
2523
7716
3791
8527
5111
2942
2038
7621
5705
2667
7565
7643
6760
0532
4578
0557
2198
3210
4697
1355
5771
4277
8362
6387
8336
2331
1984
6406
0459
2450
3414
5214
2182
8832
2605
4006
5946
1671
0411
2442
5905
7500
0982
6284
6526
5561
6155
3894
6190
3302
8118
6629
7285
7252
4269
4991
3694
5374
5185
6098
6913
2486
1999
8812
9537
6253
6954
4635
5524
1974
7373
9087
9079
2640
5362
2141
6299
5592
9324
2832
8561
2071
1054
3741
1952
4165
6847
4669
5557
5165
7665
4635
9954
5160
1983
8751
1269
5224
2133
5594
1705
1479
9699
8223
8185
4097
3738
5389
3839
2909
8713
5302
9075
9818
1724
0046
0707
3926
0825
3596
5121
1874
7758
5082
5593
3476
3031
9167
2989
6511
8770
7767
6764
4479
0114
2603
7087
2221
1292
1494
0423
3642
2485
5455
7037
5761
5815
4793
8248
8113
0996
2585
1690
8132
2290
5595
9532
7253
6726
8313
3289
4373
7652
9260
3689
6360
0375
2334
5753
0895
4758
8327
2729
7981
0473
2119
0410
6023
8006
9402
9568
6498
3741
9171
1253
6855
6159
5583
8020
8281
0719
4868
4901
0812
3099
9294
0534
5583
1668
7606
2862
5733
9113
1072
4755
0089
3743
5056
3554
3211
5927
7075
1649
8685
8043
7216
4920
7326
9551
3050
5033
4513
4101
5107
2786
6331
9118
9927
8221
5123
0479
6512
1786
3051
1952
7023
6941
8139
0341
9657
7753
6762
0830
7837
2133
2778
3040
7398
0535
5255
2735
9673
6066
5472
3115
7505
1250
1912
6449
5639
4121
3393
7618
1419
7036
2169
4206
6393
6270
8457
5430
9468
9951
7792
7466
1184
1098
6736
8698
4025
3599
4157
9245
3318
2687
1752
8813
7101
1618
5143
5843
9243
8459
3339
8340
8218
5426
6261
4154
4910
9859
1777
0966
4290
6304
9506
6690
7958
0073
0818
2386
0595
6934
0351
0258
1127
6607
0267
2571
9125
0025
6657
4538
2223
1108
1505
6692
5544
0154
2874
2090
7659
1265
6560
8887
5453
3833
5042
6499
2599
4243
9402
3925
3146
0276
6701
9724
7010
3354
4967
3889
5159
5278
8506
5912
8284
8611
0314
8001
4336
6917
8034
8538
9972
7586
8746
0404
1824
4431
7451
5889
1104
1101
2887
8535
0400
5581
8083
3211
9474
0248
9789
1012
5026
1274
3094
5513
4458
2874
5073
8308
7518
3253
6810
6945
9955
6915
1990
5991
4009
3955
1962
2852
3142
1706
7383
8099
4394
9569
7339
4522
7966
0879
6841
5862
1373
4290
7307
7791
4679
0446
5100
5655
7175
8366
1949
8484
6410
4712
1485
7151
4701
6135
8287
9085
6667
1686
4841
8978
4423
7476
5620
1382
8226
3959
0369
3218
5443
7240
1359
0903
3968
9163
1182
1645
0409
9114
5390
9070
0469
6109
7630
6412
7603
3500
3206
9489
7537
2052
5054
6015
8392
8464
6357
0845
2999
7837
7434
0748
0835
7357
9045
9958
6775
1521
8319
0613
5533
3021
0381
4170
0386
8100
5552
7696
5296
9591
8932
9756
6840
2160
6573
5070
4632
6467
0911
0725
3808
8987
1177
3380
9491
4607
9165
6075
4230
8643
2943
6321
9578
5726
4985
8626
5917
7290
8338
8172
5033
2925
2394
9778
5990
9726
2345
6504
9490
3469
3678
7509
8034
4079
2685
1318
8763
2955
9805
9130
3892
9791
3565
1940
7186
1051
7432
9663
4360
1391
9371
6508
3882
0287
0515
0974
2304
8300
1821
8398
1750
4055
3613
8136
6410
0925
2832
4505
7240
0125
9372
5509
6633
9499
5607
3804
6988
9301
7081
0055
7714
0870
2568
3286
3788
3488
2021
5427
4214
3406
8398
0176
9719
8085
4607
7882
7009
6949
6479
8299
9878
5608
1747
0400
0364
6039
6820
3176
8390
7358
5715
2045
7759
2117
6130
2945
9545
4690
6073
4555
4240
0125
2750
8412
6978
9838
5152
7793
7606
3211
8444
9179
8753
8239
5294
0686
1211
1865
4943
7723
0541
9960
0415
2306
9732
2223
4432
0597
1500
2975
8583
3568
3264
4324
1461
1029
1843
1714
7248
1639
5146
3831
4958
6387
9571
1595
6864
5345
4163
9590
3652
7748
6486
9599
0805
5515
2453
4279
7655
1518
6253
1705
3312
8144
7589
1854
5248
2690
9497
6456
1097
3332
0967
4543
6951
6487
0726
9549
9708
9428
4536
8863
8745
0546
1159
8473
7548
8520
0979
3373
7600
7088
0528
5692
0402
9770
4545
4141
2257
3530
2163
7861
1598
0749
4109
9380
1350
2535
0278
1508
9419
2319
2719
4967
4018
2832
6249
8880
4803
7748
2803
4828
6593
0653
1449
1035
6133
2477
7351
8663
6221
5610
4606
7185
7256
3117
2737
3796
6151
3409
1481
2213
5755
6020
0055
0933
1858
1120
1788
7664
8518
5107
2873
7153
1514
9439
7602
4524
0123
7534
8448
8715
3725
5615
9457
7828
0101
6793
8560
9044
5453
5749
9088
3628
3864
8897
6494
1696
2871
2212
0316
3757
1144
3570
0028
7848
3941
2389
0479
7048
8977
9935
5080
5617
4989
7388
3096
0143
1836
0803
3490
7083
4451
4845
4412
4416
2855
7264
9355
9106
7213
5863
7311
4372
1528
3830
3221
0754
4698
2595
5294
5096
0363
1879
7258
2725
5575
4788
7828
7340
7986
2531
0272
1877
5747
4591
4394
6754
3814
2228
5910
8490
9820
6087
6715
5422
6034
6394
9940
4180
9402
7353
6920
6832
0224
6144
1665
8673
1237
9938
2003
1532
0058
0379
0015
7314
5173
0591
7327
3454
4223
8891
3640
5749
3470
2722
4057
9455
4748
2772
2231
1702
0537
1755
5645
7100
3243
0005
8543
5397
5586
9343
8634
2295
9388
1740
7054
2595
3858
9086
7138
3420
0538
9692
4634
6164
7601
1971
9487
3672
6192
0953
9553
4452
2367
7632
0473
2765
5298
3039
4100
7639
3373
9860
0698
8732
0300
4735
7908
0767
6242
5091
6628
5324
7205
8196
6085
6775
5704
1134
6082
4202
0380
5402
1007
3122
8365
0086
5954
7177
1996
1210
3258
4100
6654
9510
4378
6585
9452
0653
8149
7550
4712
0756
9365
2279
4769
2771
1182
9357
9823
6364
1771
5565
0971
3700
7874
6065
4428
1033
1644
7982
9084
6797
5421
3686
3759
8892
5455
5243
5170
3820
2652
7440
1153
3163
3332
1115
5021
2487
4258
5537
5548
7810
2572
4347
3951
2469
6023
7436
9996
5192
5010
1030
2144
5350
7123
0409
5015
4403
6887
1193
2963
7768
3077
9862
5525
9282
0527
1832
9819
0780
1529
8070
3422
1938
2636
9491
3035
7345
5412
6329
6577
5653
7764
7551
4733
5255
4948
4298
0176
9179
4480
4289
5870
5350
6818
7916
4281
7389
3993
4023
1398
0903
9243
7691
1405
5313
9600
6790
6426
4913
4102
4595
8588
6695
3040
9485
5713
2316
6520
7153
1332
8208
3650
4542
6576
5821
6156
6909
9804
6311
7650
6578
2489
0091
7869
5028
4542
0904
3666
6880
8782
2387
3108
3297
8767
3617
1293
7245
8592
4172
9013
3756
2794
2481
8474
3154
1208
0524
4795
1543
5612
1184
3687
4046
4890
8249
3087
0002
5440
7090
9237
1670
3495
5878
0163
9573
8231
0919
3116
7798
6631
7367
7069
1059
3342
8958
2814
3461
1612
2709
7492
5070
2054
0712
5807
3204
8520
8314
5907
1439
9531
5100
4152
4696
9710
0302
8395
3255
2612
5907
8653
0542
1345
1800
6119
3991
9614
0179
0879
3524
9524
1459
4691
8149
0745
3810
5080
3697
1934
5135
0961
9595
4525
2454
1248
3257
6352
3194
1744
7910
2941
5437
7332
8650
7704
6688
0152
7351
6798
4810
3704
6617
8658
8063
5824
0750
4931
8362
5018
1756
1414
5897
1795
2746
7155
5137
6978
4668
7348
0036
0582
5863
6553
8802
4754
5119
3558
0098
1133
0567
3143
8571
6639
3216
0029
0754
5203
9813
8954
4674
0888
1312
4288
4604
5449
9090
9267
9963
9635
7414
7319
3495
4654
6454
1364
3372
1452
0624
5765
8882
3080
1271
9491
0206
5893
1611
6221
4915
3333
1850
5158
5555
7609
8525
2340
7282
7545
2663
4070
0840
1305
5113
2651
8194
2578
2006
7883
3322
3457
0036
3067
0422
4121
2173
9272
6523
9244
1651
6627
1107
7198
5909
1715
8704
0815
7043
0545
6549
2469
2972
7175
4086
1098
1581
7472
3727
7988
1657
4132
3553
6939
3995
4889
1067
5375
8619
4051
2140
1768
7213
5621
6463
1344
5158
2586
0059
2948
2956
7683
4488
4765
6390
0106
9310
9417
1832
9028
7762
0500
9329
4113
6198
4195
2572
5597
8182
7919
3418
8387
5983
5464
6670
1825
5805
4948
3802
7905
9296
4092
7157
4929
9604
8659
9412
6896
4089
8746
0051
5244
9278
4782
8369
6435
1231
6652
3146
4666
7189
8672
4636
6857
5499
2230
1622
5726
3522
6205
5342
9762
8234
8343
5807
4763
3603
7793
8251
3854
9516
1849
9922
8241
2803
1746
9435
1633
2128
4881
0091
9661
6471
1417
8758
8403
4820
8810
4300
2383
5946
6923
8998
1623
4125
6128
2486
2578
0844
2168
7993
4974
6266
4901
4329
9805
9993
7937
3191
4671
1752
5047
7001
6851
8294
9004
8990
1531
1837
7227
5193
2092
2317
2767
9560
0939
6034
0741
3194
4849
8263
9081
8710
0524
8900
0412
5243
5557
9058
9329
1478
7471
2068
0981
4194
7206
3805
6170
9144
4822
6799
3358
7030
1605
0290
4231
5299
6765
7110
3119
8477
4875
5513
9766
5959
0846
7132
9246
4378
4552
7731
8469
8618
5495
6827
7683
1656
6800
5991
5921
7287
1668
9422
2686
8740
9857
8565
4818
1778
9725
1308
3195
9537
7339
3407
4053
3258
7019
3686
9407
4350
5813
0754
2358
3439
6067
6179
1724
2665
3343
7515
0639
6043
7073
4258
3037
3437
3792
6725
3867
3589
9381
7901
8010
8462
7452
1970
9428
2232
9853
3471
9495
2282
4874
4577
8749
6289
8503
0630
2028
6553
4697
5772
9578
8302
0593
2863
3936
4270
0925
8957
4147
3311
0634
3610
7568
2550
2449
9526
9680
1693
5379
6233
2849
9640
7543
8799
8042
0214
5565
2541
0992
8916
3457
0456
3729
9920
2020
4604
6183
0460
1363
1634
2905
7177
3267
5294
9208
5761
3935
5346
0030
4224
7551
6005
0369
7915
5143
6731
2150
4187
0303
9394
9258
5353
0613
7219
8867
5413
3228
2134
4170
6600
3871
0296
8126
3915
6539
1007
1673
8823
9781
9849
0981
9835
4355
5731
8012
2429
9010
2709
2628
7320
1433
7114
6345
8912
2385
2515
4045
5720
1581
2620
5987
9768
2904
3375
7994
8079
6481
5868
8981
6194
0292
8744
0543
9250
6603
0290
3248
9915
6478
5003
0708
5642
0818
4695
0082
9738
5815
6292
3602
5995
3118
1166
9801
6772
6033
2751
6321
5619
3764
9127
8220
7289
0356
2450
9427
4975
7837
2595
4935
8640
1952
6158
5969
9759
7967
0544
9841
5765
4720
9271
7406
4621
1242
9882
2294
8526
3988
4746
1170
4017
3688
1788
7196
1016
3900
8805
1306
4301
4013
4382
4692
5728
3793
6365
0533
4752
6278
3727
9239
3890
5762
7210
6614
3663
3030
2094
1728
8524
2744
0589
8309
3708
4123
5370
7194
6573
3641
6082
1990
6413
3354
5773
3685
0564
4334
0532
1806
3679
0246
5211
0834
5586
7041
6512
6109
9024
8207
2278
4435
4214
9230
3268
8773
8226
4515
8351
8509
2374
8329
8527
7440
6687
1711
6650
2589
9819
8646
0028
7343
9475
1659
3938
2213
7375
5045
5824
8290
9031
6684
4408
2852
9017
9265
9440
6544
0610
8279
0595
4960
7667
9452
2326
1246
0111
6940
8068
1607
6609
3449
9019
2912
1972
6603
4515
9201
6651
1877
3045
7628
0341
2973
5853
1993
4072
5901
8409
7131
9506
3886
8273
3971
2026
6566
0365
9505
9382
8504
2160
4801
5314
2923
2542
7838
5374
1483
0087
8225
8681
1608
8324
1937
7678
1977
3982
7573
0593
1725
8702
5766
0126
8355
1566
2094
3710
6765
4916
8237
5909
4213
7978
1938
9776
3976
5695
1746
1915
8299
3070
0864
0807
2535
8717
7418
1366
8567
7344
6138
8642
8477
1605
2478
6335
0221
3795
2254
7562
7664
3800
3862
9169
5961
7764
8530
9326
8836
7967
9757
4106
6277
2914
7485
4543
3116
2040
0576
8775
1361
2738
4824
2679
6858
2359
3763
7972
0736
1849
5538
1291
5429
6706
6305
7710
1296
7109
0317
3897
4765
2339
9257
9058
3750
3287
9423
9706
0965
2535
9300
0879
4990
0957
5569
9997
6436
6003
8584
7752
8341
4936
3637
9294
6386
5495
8587
6263
8389
5042
9523
1412
2520
7157
4851
7965
9303
9803
7901
7796
1236
6396
9617
0234
3519
6935
9290
2383
7841
2275
8661
4712
4293
2825
3112
6339
3416
9507
2896
0930
3457
6674
7597
2641
4191
2948
9525
0712
7387
5065
8084
1216
0244
4371
0402
7748
1806
9216
0115
0534
0592
4325
1394
9645
4639
5464
3719
3446
6838
6299
8539
8366
9102
2390
6430
9708
2298
1864
6991
9580
3116
1035
9003
5476
5806
7326
2501
6942
6888
9371
1996
8854
9786
0422
5924
2599
3945
6926
7305
9431
6689
5487
5093
7866
5548
4470
5586
5996
4089
9443
1864
7341
9009
0953
0377
9787
1666
7250
3612
5066
8230
2436
4496
9136
6280
0347
3030
6523
6110
7016
1513
1798
2770
4941
4285
1733
9643
7114
5202
7537
3066
6580
7996
9499
4377
5661
5516
2410
1219
1894
0587
5535
1764
6006
4913
7642
4199
6064
7492
4786
6701
7292
1797
9669
8735
4085
1650
3592
1330
9984
0000
8406
2555
0372
8604
6075
1855
5407
5459
8972
0822
4724
6740
2770
8086
3859
4649
6050
2146
2456
9341
7666
5911
7524
8008
7150
2716
0662
3883
9969
0826
9778
8686
6183
7648
4642
3251
2015
3502
7728
6698
3457
1939
3782
9385
4979
1165
6063
1649
7144
9957
3770
9393
4872
4082
7976
3732
5106
1760
0025
8796
1591
0680
9181
7123
4369
4086
5901
5647
9678
0891
7014
6273
7149
4790
2020
3092
9348
7860
7769
8367
3947
7865
3201
5885
9401
7780
0470
2247
4310
3025
1803
0005
9229
1768
9224
1773
3504
1547
1490
8589
4994
2951
0193
9143
5877
2955
2753
8763
2605
0983
6571
1007
8231
2517
1006
1208
4038
6048
7545
7330
2987
9887
2838
0583
7953
4189
4722
8618
5882
1720
6260
6691
9586
8509
3151
6464
6472
2482
9920
5458
9084
2231
9662
4297
8020
7099
8909
1402
2574
5301
2672
6065
7873
7667
1399
4069
8614
6447
5707
6687
6712
6369
6882
9602
5885
1818
2863
6046
9675
4009
3889
5414
5792
3223
1463
6214
2845
0610
7236
4849
9840
5784
8452
3991
3637
9050
7790
5035
4060
7082
0735
3412
7794
7284
6954
5283
2987
2434
6031
7647
2548
9251
9855
7227
1226
2064
8624
5171
2016
5985
8769
3720
8163
1381
2251
6532
3972
8896
8468
6409
1188
2790
9560
2416
2567
8114
0878
5335
0400
9368
5338
5492
7947
4250
6585
8095
7267
4154
2860
5747
0988
1005
9201
3324
9034
3274
1584
8756
4823
7833
1493
1344
0774
3012
4281
9331
6752
9152
0362
4108
8118
2835
3113
5325
6353
7852
7695
2940
8338
0629
4468
7862
1718
7744
6599
8060
7765
2747
1424
1538
0804
5455
0095
2947
5437
2338
2847
7747
7036
7991
8786
9348
9405
3670
2604
9025
7613
7665
8757
9157
1244
5494
1944
3736
3630
0171
3186
8809
7400
6997
2636
3038
6268
5035
5634
5815
8835
2078
8973
1867
7991
4812
1964
9794
4426
3669
7146
7812
3366
0696
9851
0150
8336
4052
1366
4984
9733
1731
0528
9025
9046
1817
9413
4336
5957
9454
4465
9473
9039
3745
5702
9221
2719
1560
1828
6584
6724
1197
0932
1867
5926
9812
2962
8154
9742
6144
5484
4092
1423
7827
0788
7849
1074
3120
0950
1894
6603
3573
1523
6072
4382
2984
2996
5588
8077
1403
6373
7874
0198
6451
4402
8957
5347
3473
8800
6090
4716
4679
7690
7107
0922
7130
9968
4313
1917
5701
1484
8797
8078
0366
1039
0396
1840
2827
3521
7755
9033
9538
3163
2050
0346
2715
8295
5768
2403
4929
3224
9505
6403
2770
2676
6702
4318
6252
7559
3450
7204
0069
8690
3906
0554
6289
4777
1537
0788
7795
1985
2938
2659
4325
5635
0475
2465
9616
4338
5497
3331
8509
3954
9535
9332
9697
6063
2861
5576
3192
4982
2199
0334
1568
6474
1705
6667
8574
0065
7038
9041
1809
8537
7418
9577
7682
2068
3290
8757
5654
7255
0289
4866
2695
2107
5873
2794
6825
5827
1846
5224
0603
0797
5479
5093
6825
2318
8160
6279
5575
1175
9687
6216
0511
0576
3306
8466
3903
2944
0430
9066
7319
2937
8953
7848
2176
5906
0593
3978
1402
8944
6463
9998
5563
9005
4855
7589
3955
8751
1066
2812
4678
2334
5073
4687
5311
6676
8790
4717
9957
4189
0791
8001
9587
0813
5960
3004
0705
4113
3233
5123
9815
6468
1964
2252
4352
3183
4398
7260
5242
0119
1262
4542
0890
0172
9924
8781
3826
0498
9538
0322
3792
1899
3846
6428
7406
7582
7781
7892
9019
2440
8579
9256
7522
0499
6404
1249
8599
4186
0385
4946
6867
7867
0683
6690
7260
8183
8643
7043
8061
8777
3041
8916
8928
5897
2794
4185
2204
4990
7841
8348
8280
5084
6722
1787
4423
3327
3243
9324
4714
4313
0361
4710
7883
7647
3869
2381
7480
0931
1547
8317
9332
1258
7329
6518
7778
8744
4240
0882
9193
7529
6207
4016
7718
1535
4487
4098
0183
2944
1966
0248
4537
1549
5617
8360
6945
8328
6261
8487
7826
9191
0953
7883
4078
3919
4809
9260
0923
4670
8875
5316
1909
1946
0196
1511
6542
9972
8988
9200
9390
0516
4044
0522
9761
5157
7782
8413
8920
6011
2835
8332
9204
2435
5127
3283
1492
2884
5415
3162
5777
2006
4195
0534
3877
6833
1664
3988
9495
9275
7409
6596
7093
0324
8144
4034
7619
3563
9573
9743
7576
9340
3793
3051
0786
6092
2169
6676
7289
6352
3701
1412
0438
6539
7793
1360
7912
9881
2600
2930
2461
2304
9036
6317
2889
1821
2723
0937
5745
8973
7502
5856
1528
9780
0766
1015
9613
2066
0641
4142
9950
7813
5961
9924
3825
7288
2065
9507
1980
8424
0908
7429
5357
0297
0251
9451
8949
2958
0678
3801
5482
3295
6405
2813
2750
6480
8533
3006
6423
3987
9868
1695
9559
5776
6825
0567
3610
3418
4927
4389
4149
8066
4450
2358
6609
3336
9177
1964
1488
5236
8247
2114
0997
9445
4622
4343
0859
9274
6088
7357
4241
0418
4241
7686
5842
8661
9081
9084
3423
1917
6742
2870
4241
1996
5111
5902
9531
5360
0995
2260
7828
4904
7868
7826
3199
4154
8701
3834
8301
1868
8605
5040
3469
8775
7786
9792
5170
1337
6945
7683
9125
3812
9598
8145
1465
6268
4606
3107
7033
5640
3649
6230
8622
3872
0978
9999
0852
4208
1615
1889
2427
4612
7024
5279
4227
2864
6842
4618
2415
9525
2943
4249
9502
5786
8155
8662
5166
5588
7447
7287
7816
5837
3011
6515
9029
6829
4794
6862
3344
8662
9475
6902
1828
1166
4989
2206
3376
0517
3808
4082
3388
5513
9244
3447
8266
2232
2784
8476
4824
7514
8238
1538
9219
4662
0263
6174
4900
2928
5798
1309
3481
0141
0478
4001
2285
5506
1530
3290
4669
7424
2774
4219
9886
7611
0949
2644
9407
4518
4020
6378
6883
3478
5108
9003
7681
7433
3404
6085
3555
1183
0118
2477
7212
5495
3369
6166
0132
8988
8468
6530
9736
2671
4094
2927
9097
2854
6736
5746
2774
4681
4872
1646
0508
0497
9928
4213
4003
6109
3561
6412
2470
1268
6236
5908
9568
0352
1567
0039
1902
1623
5795
2158
6378
5261
7740
1908
7034
9411
6481
3787
5645
1873
5428
3595
8200
9973
6286
2191
6187
8938
0443
2819
8770
6453
8700
8934
8758
7079
4769
5614
2312
9970
3436
5356
8823
6140
8565
7746
2571
0983
4880
2575
9375
7647
8180
7716
8453
7671
4017
6909
4222
4055
4872
0080
0921
7417
4742
1445
7301
7916
7314
2343
8481
3010
5111
7637
0219
4137
8411
9282
1613
9965
9012
2002
5330
8710
6819
2231
2016
8972
4162
0761
4989
1522
1399
7931
7366
9073
3381
3105
6013
8387
7527
7551
7232
4004
8321
1159
0837
9385
0159
6516
3972
4196
2913
7226
9687
2962
8516
3416
7628
5995
0293
4525
6350
1510
8580
6703
2119
5435
8381
9795
6920
3985
1130
5553
1722
2216
7385
6931
9132
9611
2778
6658
8710
8010
8379
1083
7674
3655
8046
6231
3317
7159
5059
4273
7201
4957
6351
7947
7073
3173
5096
5360
6847
7356
0122
0788
1923
1365
7588
8171
6181
5036
4284
2710
3394
4413
8885
2501
8519
0557
3841
4376
9386
8692
4894
2182
0184
7928
1413
8074
3263
5023
9455
3654
0909
1596
2546
6700
3697
8145
3833
4167
2732
7721
6946
6621
3088
2149
7556
9454
9997
3024
6409
8734
8844
7994
3546
8718
8787
3995
3807
3622
8325
5191
4440
8408
4006
4587
8132
2738
8625
6250
3217
3899
7215
4151
1341
6439
0207
3228
2929
8576
6512
2464
8397
4690
2549
8960
8065
8579
4321
4055
0251
2805
4314
6232
9626
7877
7138
2751
1279
6946
1745
7615
5266
4223
8919
9297
5405
6708
2479
3606
8972
4372
4209
7485
8696
0105
4340
0252
2339
1946
8576
2381
5496
8607
5187
1004
4847
1861
0180
4106
8604
8051
8471
0700
3127
7352
3745
3395
8009
1059
9900
3653
4788
4516
3900
1997
5550
5686
1049
2868
8179
9282
5030
3088
7843
3302
7968
0236
9098
2173
6086
7958
8096
0572
1042
2810
2987
4844
5246
6776
3578
4884
0383
6392
8651
0657
7016
4164
1322
6132
1837
9782
3479
9516
3470
0394
3187
5506
9928
1083
7783
4268
7517
5791
7473
4726
0142
5644
1302
2069
8603
9460
2619
7046
7297
4682
1814
2822
0498
4728
0046
8751
5101
2234
3320
5321
8092
4808
5828
0751
7894
6234
5042
5145
0550
9564
7549
0679
8293
3681
7036
4718
8013
0556
9015
2360
0929
4914
6075
7905
6279
8127
1808
6274
3268
4133
7961
3242
8544
7797
8399
0718
1156
9250
6524
8162
1874
2289
0169
3882
5542
9410
8377
1358
1329
0492
5663
4787
3016
5175
2974
9894
6398
2399
3611
9736
3985
2456
6381
3784
0312
6862
1088
4996
0116
7699
4644
5557
7300
3362
1532
2599
5014
2155
2568
9490
3098
4953
4690
7755
9751
9166
8376
2992
5672
2246
6750
5623
9537
4110
0594
5815
3115
1006
2481
5406
9578
0143
6840
8730
1806
2409
7505
5245
4455
1373
8059
6348
0582
2625
1372
2238
7688
9647
0966
3273
0919
3481
4089
6547
6372
2155
1176
8795
7950
0611
5688
5912
5586
4853
6793
4325
4873
4196
4040
9382
0474
7738
9985
7587
2185
6478
3999
7586
8275
4653
8789
6219
1597
8721
4889
9796
6534
9626
5583
6154
7118
5285
4441
4294
7509
6076
8818
9766
1924
7778
7663
1470
5125
9270
0131
5041
4153
1358
5566
2348
6665
8410
5225
7421
0106
8282
5590
2590
2804
9772
3668
6446
2389
4181
7402
7681
8569
4159
1637
9149
0340
5750
7603
7133
3018
6240
9829
8713
8827
1315
6253
6754
1190
5585
4302
1750
6566
6940
1676
8922
1728
6820
4219
4302
1046
8837
3222
5949
4659
6587
0869
8193
4671
6872
9688
3303
3130
2946
9267
5451
8647
3778
4944
9133
9510
0145
1459
8594
7256
7002
9785
6783
0620
8212
7239
3214
2729
6942
0864
2006
6979
5697
3406
5590
1043
2916
1270
4321
6584
7443
5676
5267
5467
7821
9333
3511
2965
4263
9274
3204
3988
1390
4195
7678
0656
5788
4213
6843
1028
6632
9502
9670
6196
9964
5750
6318
3851
7232
4001
6781
8788
2761
6029
4381
7140
4382
5447
7842
9841
9812
3555
3107
9186
1032
3732
1627
9250
7821
7812
6198
5291
2691
6902
2038
3661
6523
4985
5103
5879
3284
3903
2184
3757
0480
2535
2192
5714
7170
7266
3368
9253
2373
9681
3767
7644
0049
9704
4310
3090
6561
9141
2181
6019
5236
7561
9092
2149
4571
4054
3110
5449
1996
3767
4650
7012
2147
8025
5131
6385
9858
0994
1897
2483
8326
6392
2567
8887
5146
6189
9387
2599
4785
2850
9908
7474
9927
6416
3780
6224
0673
6447
9417
4113
8796
4354
3710
5657
6001
0669
7019
7128
6960
3873
9388
7336
5122
1182
5950
5190
5648
4870
5789
5718
3086
2613
6711
5549
9911
1661
6159
7627
2600
4694
3202
2125
1865
9838
1208
7734
8868
9002
0377
2308
8820
5457
3344
4693
1241
3532
1905
5176
6853
1938
6384
9653
4868
0380
8895
4977
2600
7723
6372
2569
5270
7637
7210
9738
9479
5571
9105
1359
1809
1305
8652
2604
4720
4152
6183
6927
6128
2464
2440
9693
4029
7225
8163
8967
7457
6327
3469
9718
9942
5482
3702
8993
1281
2076
1654
0071
0580
8586
8271
7393
9356
6726
8463
8240
2777
3949
7984
7419
3261
0246
0565
4473
0254
4009
8999
7983
5349
3692
3606
8634
5328
2872
0619
9053
8204
3330
7578
2601
2307
5718
9535
0154
9750
5191
8046
1777
5411
9217
9183
0633
8073
6911
3386
4551
6079
0334
3942
8931
8374
8792
1833
6083
7798
9926
7604
3675
0282
5796
8519
7548
0450
3471
5375
8323
6246
8357
5218
9058
5058
5400
3552
3217
7454
7940
3106
0334
3137
2951
2154
9526
3789
7754
7779
8193
7469
9918
6119
0042
3354
6892
6392
3803
0517
9221
6838
0779
1871
1065
2155
6734
8786
4239
5332
8530
7896
4758
4758
2310
3264
6448
4875
7908
5575
6765
0622
2302
4354
4732
9917
7590
6107
9853
3725
8049
6871
6158
0940
3071
2080
7640
8232
1212
8728
9124
8417
4009
6877
6442
5058
4688
9839
5193
7668
4543
8502
4993
7363
6345
4518
2211
2963
9077
7688
8926
3569
7056
2925
7259
3149
7604
6455
2133
4448
6407
6414
5895
0514
5199
9466
1061
6020
0065
9216
6665
7700
6210
6435
1885
7393
7377
2027
3619
8799
5438
6978
2919
0970
3189
5362
3524
5496
9109
7006
4740
2946
8853
0314
0836
9198
7955
5830
5951
4075
7962
4210
6876
4605
6809
3752
6442
6214
1441
4170
5125
5755
1728
9975
9662
3427
3219
4930
7439
8648
2029
9670
6132
8023
1993
1991
4890
5278
7396
5825
6394
5081
8084
3744
2744
4048
7973
1295
3677
6951
6653
4454
2509
7010
1875
0931
1626
5413
4695
0323
3265
7968
5254
9424
9683
6538
3417
7922
0306
1438
4569
4322
6869
7169
3715
0104
8661
3568
3739
7118
7821
1132
6507
1859
7205
7728
0669
3643
2339
7775
3594
3063
5723
8183
9014
2122
1983
1455
8365
1032
2518
4229
7498
5929
8043
5017
5064
6856
8173
9860
7568
1679
3443
5568
0999
5791
2624
3198
9098
0805
6736
1472
4865
0301
8345
9241
4972
1355
8545
6129
2325
5596
1455
8688
0467
3587
6052
0128
6969
1805
0221
5061
1687
0814
8452
4787
9601
8725
9107
6531
4085
1126
0993
9790
6249
4447
8279
5535
1530
5452
2359
2164
0489
2612
3273
7862
5084
9421
4797
9198
8469
5689
3094
9110
2464
6030
5343
6434
9486
0872
0976
1307
1846
1829
3820
6035
8090
8390
5947
3289
9687
3131
0599
5548
2170
3654
3176
9910
4655
0450
9968
1218
5081
2845
9221
9952
1194
8457
0879
9033
9556
7037
8246
1722
0425
0918
8759
2421
2073
9850
9957
7337
8255
3768
4723
6248
2114
2520
2682
9509
1870
0595
7325
4603
4444
7497
5797
8653
6732
7586
4991
4350
7962
2930
7657
1609
1302
1421
4068
1311
5461
9754
5171
2965
6366
4644
1989
3517
4931
0112
8204
3239
5091
0619
8505
5542
3018
3461
7948
7551
1843
5926
7517
4339
3853
1922
5292
8074
5991
8754
7247
5253
1071
9183
1623
2390
9294
6661
1644
1503
9853
4260
7499
4612
8166
8298
6737
0325
5195
7221
2224
1840
1289
6530
8822
2452
6052
5120
1188
1163
8239
6986
5832
7939
6697
9278
0013
6582
9254
8567
2365
5736
7699
3366
9594
3361
2201
9086
8111
4109
8381
4749
2977
